Id	Url
	Assets/Product/Ui/UiFightPrefab/UiFightTopNoiseBar.prefab
